{
    "camera_angle_x": 0.8279103882874479,
    "frames": [
        {
            "transform_matrix": [
                [
                    0.5000000000000001,
                    0.0,
                    -0.8660254037844385,
                    -0.0
                ],
                [
                    0.0,
                    -1.0,
                    0.0,
                    -0.0
                ],
                [
                    -0.8660254037844385,
                    0.0,
                    -0.5000000000000001,
                    -0.0
                ]
            ]
        },
        {
            "transform_matrix": [
                [
                    0.5151637869468962,
                    0.0,
                    -0.8570917527421046,
                    -0.0
                ],
                [
                    0.0,
                    -1.0,
                    0.0,
                    -0.0
                ],
                [
                    -0.8570917527421046,
                    0.0,
                    -0.5151637869468962,
                    -0.0
                ]
            ]
        },
        {
            "transform_matrix": [
                [
                    0.5301680016246031,
                    0.0,
                    -0.8478926170532297,
                    -0.0
                ],
                [
                    0.0,
                    -1.0,
                    0.0,
                    -0.0
                ],
                [
                    -0.8478926170532297,
                    0.0,
                    -0.5301680016246031,
                    -0.0
                ]
            ]
        },
        {
            "transform_matrix": [
                [
                    0.5450079964692894,
                    0.0,
                    -0.8384308461552038,
                    -0.0
                ],
                [
                    0.0,
                    -1.0,
                    0.0,
                    -0.0
                ],
                [
                    -0.8384308461552038,
                    0.0,
                    -0.5450079964692894,
                    -0.0
                ]
            ]
        },
        {
            "transform_matrix": [
                [
                    0.5596791747843083,
                    0.0,
                    -0.8287093708368186,
                    -0.0
                ],
                [
                    0.0,
                    -1.0,
                    0.0,
                    -0.0
                ],
                [
                    -0.8287093708368186,
                    0.0,
                    -0.5596791747843083,
                    -0.0
                ]
            ]
        },
        {
            "transform_matrix": [
                [
                    0.5741769921640263,
                    0.0,
                    -0.8187312023304546,
                    -0.0
                ],
                [
                    0.0,
                    -1.0,
                    0.0,
                    -0.0
                ],
                [
                    -0.8187312023304546,
                    0.0,
                    -0.5741769921640263,
                    -0.0
                ]
            ]
        },
        {
            "transform_matrix": [
                [
                    0.5884969579014564,
                    0.0,
                    -0.8084994313793495,
                    -0.0
                ],
                [
                    0.0,
                    -1.0,
                    0.0,
                    -0.0
                ],
                [
                    -0.8084994313793495,
                    0.0,
                    -0.5884969579014564,
                    -0.0
                ]
            ]
        },
        {
            "transform_matrix": [
                [
                    0.6026346363792564,
                    0.0,
                    -0.7980172272802396,
                    -0.0
                ],
                [
                    0.0,
                    -1.0,
                    0.0,
                    -0.0
                ],
                [
                    -0.7980172272802396,
                    0.0,
                    -0.6026346363792564,
                    -0.0
                ]
            ]
        },
        {
            "transform_matrix": [
                [
                    0.6165856484436641,
                    0.0,
                    -0.7872878369016673,
                    -0.0
                ],
                [
                    0.0,
                    -1.0,
                    0.0,
                    -0.0
                ],
                [
                    -0.7872878369016673,
                    0.0,
                    -0.6165856484436641,
                    -0.0
                ]
            ]
        },
        {
            "transform_matrix": [
                [
                    0.6303456727609427,
                    0.0,
                    -0.776314583678263,
                    -0.0
                ],
                [
                    0.0,
                    -1.0,
                    0.0,
                    -0.0
                ],
                [
                    -0.776314583678263,
                    0.0,
                    -0.6303456727609427,
                    -0.0
                ]
            ]
        },
        {
            "transform_matrix": [
                [
                    0.6439104471559157,
                    0.0,
                    -0.7651008665813083,
                    -0.0
                ],
                [
                    0.0,
                    -1.0,
                    0.0,
                    -0.0
                ],
                [
                    -0.7651008665813083,
                    0.0,
                    -0.6439104471559157,
                    -0.0
                ]
            ]
        },
        {
            "transform_matrix": [
                [
                    0.657275769932179,
                    0.0,
                    -0.7536501590659034,
                    -0.0
                ],
                [
                    0.0,
                    -1.0,
                    0.0,
                    -0.0
                ],
                [
                    -0.7536501590659034,
                    0.0,
                    -0.657275769932179,
                    -0.0
                ]
            ]
        },
        {
            "transform_matrix": [
                [
                    0.6704375011735778,
                    0.0,
                    -0.7419660079950624,
                    -0.0
                ],
                [
                    0.0,
                    -1.0,
                    0.0,
                    -0.0
                ],
                [
                    -0.7419660079950624,
                    0.0,
                    -0.6704375011735778,
                    -0.0
                ]
            ]
        },
        {
            "transform_matrix": [
                [
                    0.6833915640265488,
                    0.0,
                    -0.7300520325410701,
                    -0.0
                ],
                [
                    0.0,
                    -1.0,
                    0.0,
                    -0.0
                ],
                [
                    -0.7300520325410701,
                    0.0,
                    -0.6833915640265488,
                    -0.0
                ]
            ]
        },
        {
            "transform_matrix": [
                [
                    0.6961339459629268,
                    0.0,
                    -0.717911923064442,
                    -0.0
                ],
                [
                    0.0,
                    -1.0,
                    0.0,
                    -0.0
                ],
                [
                    -0.717911923064442,
                    0.0,
                    -0.6961339459629268,
                    -0.0
                ]
            ]
        },
        {
            "transform_matrix": [
                [
                    0.7086607000228284,
                    0.0,
                    -0.7055494399708322,
                    -0.0
                ],
                [
                    0.0,
                    -1.0,
                    0.0,
                    -0.0
                ],
                [
                    -0.7055494399708322,
                    0.0,
                    -0.7086607000228284,
                    -0.0
                ]
            ]
        },
        {
            "transform_matrix": [
                [
                    0.720967946037225,
                    0.0,
                    -0.6929684125462467,
                    -0.0
                ],
                [
                    0.0,
                    -1.0,
                    0.0,
                    -0.0
                ],
                [
                    -0.6929684125462467,
                    0.0,
                    -0.720967946037225,
                    -0.0
                ]
            ]
        },
        {
            "transform_matrix": [
                [
                    0.7330518718298265,
                    0.0,
                    -0.6801727377709194,
                    -0.0
                ],
                [
                    0.0,
                    -1.0,
                    0.0,
                    -0.0
                ],
                [
                    -0.6801727377709194,
                    0.0,
                    -0.7330518718298265,
                    -0.0
                ]
            ]
        },
        {
            "transform_matrix": [
                [
                    0.744908734397906,
                    0.0,
                    -0.6671663791122199,
                    -0.0
                ],
                [
                    0.0,
                    -1.0,
                    0.0,
                    -0.0
                ],
                [
                    -0.6671663791122199,
                    0.0,
                    -0.744908734397906,
                    -0.0
                ]
            ]
        },
        {
            "transform_matrix": [
                [
                    0.7565348610716961,
                    0.0,
                    -0.653953365296968,
                    -0.0
                ],
                [
                    0.0,
                    -1.0,
                    0.0,
                    -0.0
                ],
                [
                    -0.653953365296968,
                    0.0,
                    -0.7565348610716961,
                    -0.0
                ]
            ]
        },
        {
            "transform_matrix": [
                [
                    0.7679266506520013,
                    0.0,
                    -0.6405377890635332,
                    -0.0
                ],
                [
                    0.0,
                    -1.0,
                    0.0,
                    -0.0
                ],
                [
                    -0.6405377890635332,
                    0.0,
                    -0.7679266506520013,
                    -0.0
                ]
            ]
        },
        {
            "transform_matrix": [
                [
                    0.7790805745256706,
                    0.0,
                    -0.6269238058941063,
                    -0.0
                ],
                [
                    0.0,
                    -1.0,
                    0.0,
                    -0.0
                ],
                [
                    -0.6269238058941063,
                    0.0,
                    -0.7790805745256706,
                    -0.0
                ]
            ]
        },
        {
            "transform_matrix": [
                [
                    0.7899931777585881,
                    0.0,
                    -0.6131156327275369,
                    -0.0
                ],
                [
                    0.0,
                    -1.0,
                    0.0,
                    -0.0
                ],
                [
                    -0.6131156327275369,
                    0.0,
                    -0.7899931777585881,
                    -0.0
                ]
            ]
        },
        {
            "transform_matrix": [
                [
                    0.8006610801658403,
                    0.0,
                    -0.599117546653134,
                    -0.0
                ],
                [
                    0.0,
                    -1.0,
                    0.0,
                    -0.0
                ],
                [
                    -0.599117546653134,
                    0.0,
                    -0.8006610801658403,
                    -0.0
                ]
            ]
        },
        {
            "transform_matrix": [
                [
                    0.8110809773587301,
                    0.0,
                    -0.5849338835858352,
                    -0.0
                ],
                [
                    0.0,
                    -1.0,
                    0.0,
                    -0.0
                ],
                [
                    -0.5849338835858352,
                    0.0,
                    -0.8110809773587301,
                    -0.0
                ]
            ]
        },
        {
            "transform_matrix": [
                [
                    0.8212496417683137,
                    0.0,
                    -0.5705690369231549,
                    -0.0
                ],
                [
                    0.0,
                    -1.0,
                    0.0,
                    -0.0
                ],
                [
                    -0.5705690369231549,
                    0.0,
                    -0.8212496417683137,
                    -0.0
                ]
            ]
        },
        {
            "transform_matrix": [
                [
                    0.8311639236451415,
                    0.0,
                    -0.5560274561843269,
                    -0.0
                ],
                [
                    0.0,
                    -1.0,
                    0.0,
                    -0.0
                ],
                [
                    -0.5560274561843269,
                    0.0,
                    -0.8311639236451415,
                    -0.0
                ]
            ]
        },
        {
            "transform_matrix": [
                [
                    0.8408207520348944,
                    0.0,
                    -0.5413136456320631,
                    -0.0
                ],
                [
                    0.0,
                    -1.0,
                    0.0,
                    -0.0
                ],
                [
                    -0.5413136456320631,
                    0.0,
                    -0.8408207520348944,
                    -0.0
                ]
            ]
        },
        {
            "transform_matrix": [
                [
                    0.8502171357296141,
                    0.0,
                    -0.5264321628773557,
                    -0.0
                ],
                [
                    0.0,
                    -1.0,
                    0.0,
                    -0.0
                ],
                [
                    -0.5264321628773557,
                    0.0,
                    -0.8502171357296141,
                    -0.0
                ]
            ]
        },
        {
            "transform_matrix": [
                [
                    0.8593501641942316,
                    0.0,
                    -0.5113876174677551,
                    -0.0
                ],
                [
                    0.0,
                    -1.0,
                    0.0,
                    -0.0
                ],
                [
                    -0.5113876174677551,
                    0.0,
                    -0.8593501641942316,
                    -0.0
                ]
            ]
        },
        {
            "transform_matrix": [
                [
                    0.8682170084681062,
                    0.0,
                    -0.49618466945955925,
                    -0.0
                ],
                [
                    0.0,
                    -1.0,
                    0.0,
                    -0.0
                ],
                [
                    -0.49618466945955925,
                    0.0,
                    -0.8682170084681062,
                    -0.0
                ]
            ]
        },
        {
            "transform_matrix": [
                [
                    0.8768149220412985,
                    0.0,
                    -0.4808280279743593,
                    -0.0
                ],
                [
                    0.0,
                    -1.0,
                    0.0,
                    -0.0
                ],
                [
                    -0.4808280279743593,
                    0.0,
                    -0.8768149220412985,
                    -0.0
                ]
            ]
        },
        {
            "transform_matrix": [
                [
                    0.885141241705303,
                    0.0,
                    -0.4653224497403861,
                    -0.0
                ],
                [
                    0.0,
                    -1.0,
                    0.0,
                    -0.0
                ],
                [
                    -0.4653224497403861,
                    0.0,
                    -0.885141241705303,
                    -0.0
                ]
            ]
        },
        {
            "transform_matrix": [
                [
                    0.8931933883779781,
                    0.0,
                    -0.4496727376191113,
                    -0.0
                ],
                [
                    0.0,
                    -1.0,
                    0.0,
                    -0.0
                ],
                [
                    -0.4496727376191113,
                    0.0,
                    -0.8931933883779781,
                    -0.0
                ]
            ]
        },
        {
            "transform_matrix": [
                [
                    0.900968867902419,
                    0.0,
                    -0.4338837391175581,
                    -0.0
                ],
                [
                    0.0,
                    -1.0,
                    0.0,
                    -0.0
                ],
                [
                    -0.4338837391175581,
                    0.0,
                    -0.900968867902419,
                    -0.0
                ]
            ]
        },
        {
            "transform_matrix": [
                [
                    0.9084652718195235,
                    0.0,
                    -0.4179603448867834,
                    -0.0
                ],
                [
                    0.0,
                    -1.0,
                    0.0,
                    -0.0
                ],
                [
                    -0.4179603448867834,
                    0.0,
                    -0.9084652718195235,
                    -0.0
                ]
            ]
        },
        {
            "transform_matrix": [
                [
                    0.9156802781140141,
                    0.0,
                    -0.40190748720699593,
                    -0.0
                ],
                [
                    0.0,
                    -1.0,
                    0.0,
                    -0.0
                ],
                [
                    -0.40190748720699593,
                    0.0,
                    -0.9156802781140141,
                    -0.0
                ]
            ]
        },
        {
            "transform_matrix": [
                [
                    0.9226116519336828,
                    0.0,
                    -0.38573013845977966,
                    -0.0
                ],
                [
                    0.0,
                    -1.0,
                    0.0,
                    -0.0
                ],
                [
                    -0.38573013845977966,
                    0.0,
                    -0.9226116519336828,
                    -0.0
                ]
            ]
        },
        {
            "transform_matrix": [
                [
                    0.9292572462816385,
                    0.0,
                    -0.3694333095878958,
                    -0.0
                ],
                [
                    0.0,
                    -1.0,
                    0.0,
                    -0.0
                ],
                [
                    -0.3694333095878958,
                    0.0,
                    -0.9292572462816385,
                    -0.0
                ]
            ]
        },
        {
            "transform_matrix": [
                [
                    0.9356150026813402,
                    0.0,
                    -0.3530220485431405,
                    -0.0
                ],
                [
                    0.0,
                    -1.0,
                    0.0,
                    -0.0
                ],
                [
                    -0.3530220485431405,
                    0.0,
                    -0.9356150026813402,
                    -0.0
                ]
            ]
        },
        {
            "transform_matrix": [
                [
                    0.9416829518142115,
                    0.0,
                    -0.3365014387227393,
                    -0.0
                ],
                [
                    0.0,
                    -1.0,
                    0.0,
                    -0.0
                ],
                [
                    -0.3365014387227393,
                    0.0,
                    -0.9416829518142115,
                    -0.0
                ]
            ]
        },
        {
            "transform_matrix": [
                [
                    0.9474592141296373,
                    0.0,
                    -0.3198765973947614,
                    -0.0
                ],
                [
                    0.0,
                    -1.0,
                    0.0,
                    -0.0
                ],
                [
                    -0.3198765973947614,
                    0.0,
                    -0.9474592141296373,
                    -0.0
                ]
            ]
        },
        {
            "transform_matrix": [
                [
                    0.9529420004271567,
                    0.0,
                    -0.30315267411304353,
                    -0.0
                ],
                [
                    0.0,
                    -1.0,
                    0.0,
                    -0.0
                ],
                [
                    -0.30315267411304353,
                    0.0,
                    -0.9529420004271567,
                    -0.0
                ]
            ]
        },
        {
            "transform_matrix": [
                [
                    0.9581296124106682,
                    0.0,
                    -0.2863348491221127,
                    -0.0
                ],
                [
                    0.0,
                    -1.0,
                    0.0,
                    -0.0
                ],
                [
                    -0.2863348491221127,
                    0.0,
                    -0.9581296124106682,
                    -0.0
                ]
            ]
        },
        {
            "transform_matrix": [
                [
                    0.9630204432144781,
                    0.0,
                    -0.26942833175260245,
                    -0.0
                ],
                [
                    0.0,
                    -1.0,
                    0.0,
                    -0.0
                ],
                [
                    -0.26942833175260245,
                    0.0,
                    -0.9630204432144781,
                    -0.0
                ]
            ]
        },
        {
            "transform_matrix": [
                [
                    0.9676129779010281,
                    0.0,
                    -0.25243835880765975,
                    -0.0
                ],
                [
                    0.0,
                    -1.0,
                    0.0,
                    -0.0
                ],
                [
                    -0.25243835880765975,
                    0.0,
                    -0.9676129779010281,
                    -0.0
                ]
            ]
        },
        {
            "transform_matrix": [
                [
                    0.9719057939301478,
                    0.0,
                    -0.23537019294084255,
                    -0.0
                ],
                [
                    0.0,
                    -1.0,
                    0.0,
                    -0.0
                ],
                [
                    -0.23537019294084255,
                    0.0,
                    -0.9719057939301478,
                    -0.0
                ]
            ]
        },
        {
            "transform_matrix": [
                [
                    0.9758975615996872,
                    0.0,
                    -0.21822912102600978,
                    -0.0
                ],
                [
                    0.0,
                    -1.0,
                    0.0,
                    -0.0
                ],
                [
                    -0.21822912102600978,
                    0.0,
                    -0.9758975615996872,
                    -0.0
                ]
            ]
        },
        {
            "transform_matrix": [
                [
                    0.9795870444573935,
                    0.0,
                    -0.2010204525197092,
                    -0.0
                ],
                [
                    0.0,
                    -1.0,
                    0.0,
                    -0.0
                ],
                [
                    -0.2010204525197092,
                    0.0,
                    -0.9795870444573935,
                    -0.0
                ]
            ]
        },
        {
            "transform_matrix": [
                [
                    0.9829730996839018,
                    0.0,
                    -0.18374951781657037,
                    -0.0
                ],
                [
                    0.0,
                    -1.0,
                    0.0,
                    -0.0
                ],
                [
                    -0.18374951781657037,
                    0.0,
                    -0.9829730996839018,
                    -0.0
                ]
            ]
        },
        {
            "transform_matrix": [
                [
                    0.9860546784467246,
                    0.0,
                    -0.16642166659821186,
                    -0.0
                ],
                [
                    0.0,
                    -1.0,
                    0.0,
                    -0.0
                ],
                [
                    -0.16642166659821186,
                    0.0,
                    -0.9860546784467246,
                    -0.0
                ]
            ]
        },
        {
            "transform_matrix": [
                [
                    0.9888308262251284,
                    0.0,
                    -0.1490422661761745,
                    -0.0
                ],
                [
                    0.0,
                    -1.0,
                    0.0,
                    -0.0
                ],
                [
                    -0.1490422661761745,
                    0.0,
                    -0.9888308262251284,
                    -0.0
                ]
            ]
        },
        {
            "transform_matrix": [
                [
                    0.9913006831057966,
                    0.0,
                    -0.13161669982939353,
                    -0.0
                ],
                [
                    0.0,
                    -1.0,
                    0.0,
                    -0.0
                ],
                [
                    -0.13161669982939353,
                    0.0,
                    -0.9913006831057966,
                    -0.0
                ]
            ]
        },
        {
            "transform_matrix": [
                [
                    0.9934634840491884,
                    0.0,
                    -0.11415036513672508,
                    -0.0
                ],
                [
                    0.0,
                    -1.0,
                    0.0,
                    -0.0
                ],
                [
                    -0.11415036513672508,
                    0.0,
                    -0.9934634840491884,
                    -0.0
                ]
            ]
        },
        {
            "transform_matrix": [
                [
                    0.9953185591265101,
                    0.0,
                    -0.09664867230504307,
                    -0.0
                ],
                [
                    0.0,
                    -1.0,
                    0.0,
                    -0.0
                ],
                [
                    -0.09664867230504307,
                    0.0,
                    -0.9953185591265101,
                    -0.0
                ]
            ]
        },
        {
            "transform_matrix": [
                [
                    0.996865333727226,
                    0.0,
                    -0.07911704249342458,
                    -0.0
                ],
                [
                    0.0,
                    -1.0,
                    0.0,
                    -0.0
                ],
                [
                    -0.07911704249342458,
                    0.0,
                    -0.996865333727226,
                    -0.0
                ]
            ]
        },
        {
            "transform_matrix": [
                [
                    0.9981033287370441,
                    0.0,
                    -0.06156090613394288,
                    -0.0
                ],
                [
                    0.0,
                    -1.0,
                    0.0,
                    -0.0
                ],
                [
                    -0.06156090613394288,
                    0.0,
                    -0.9981033287370441,
                    -0.0
                ]
            ]
        },
        {
            "transform_matrix": [
                [
                    0.9990321606863225,
                    0.0,
                    -0.04398570124958818,
                    -0.0
                ],
                [
                    0.0,
                    -1.0,
                    0.0,
                    -0.0
                ],
                [
                    -0.04398570124958818,
                    0.0,
                    -0.9990321606863225,
                    -0.0
                ]
            ]
        },
        {
            "transform_matrix": [
                [
                    0.999651541868849,
                    0.0,
                    -0.02639687176983639,
                    -0.0
                ],
                [
                    0.0,
                    -1.0,
                    0.0,
                    -0.0
                ],
                [
                    -0.02639687176983639,
                    0.0,
                    -0.999651541868849,
                    -0.0
                ]
            ]
        },
        {
            "transform_matrix": [
                [
                    0.9999612804309579,
                    0.0,
                    -0.008799865844389982,
                    -0.0
                ],
                [
                    0.0,
                    -1.0,
                    0.0,
                    -0.0
                ],
                [
                    -0.008799865844389982,
                    0.0,
                    -0.9999612804309579,
                    -0.0
                ]
            ]
        },
        {
            "transform_matrix": [
                [
                    0.9999612804309579,
                    0.0,
                    0.008799865844389982,
                    -0.0
                ],
                [
                    0.0,
                    -1.0,
                    0.0,
                    -0.0
                ],
                [
                    0.008799865844389982,
                    0.0,
                    -0.9999612804309579,
                    -0.0
                ]
            ]
        },
        {
            "transform_matrix": [
                [
                    0.9996515418688491,
                    0.0,
                    0.02639687176983617,
                    -0.0
                ],
                [
                    0.0,
                    -1.0,
                    0.0,
                    -0.0
                ],
                [
                    0.02639687176983617,
                    0.0,
                    -0.9996515418688491,
                    -0.0
                ]
            ]
        },
        {
            "transform_matrix": [
                [
                    0.9990321606863226,
                    0.0,
                    0.043985701249587957,
                    -0.0
                ],
                [
                    0.0,
                    -1.0,
                    0.0,
                    -0.0
                ],
                [
                    0.043985701249587957,
                    0.0,
                    -0.9990321606863226,
                    -0.0
                ]
            ]
        },
        {
            "transform_matrix": [
                [
                    0.9981033287370441,
                    0.0,
                    0.06156090613394288,
                    -0.0
                ],
                [
                    0.0,
                    -1.0,
                    0.0,
                    -0.0
                ],
                [
                    0.06156090613394288,
                    0.0,
                    -0.9981033287370441,
                    -0.0
                ]
            ]
        },
        {
            "transform_matrix": [
                [
                    0.996865333727226,
                    0.0,
                    0.07911704249342447,
                    -0.0
                ],
                [
                    0.0,
                    -1.0,
                    0.0,
                    -0.0
                ],
                [
                    0.07911704249342447,
                    0.0,
                    -0.996865333727226,
                    -0.0
                ]
            ]
        },
        {
            "transform_matrix": [
                [
                    0.9953185591265101,
                    0.0,
                    0.09664867230504284,
                    -0.0
                ],
                [
                    0.0,
                    -1.0,
                    0.0,
                    -0.0
                ],
                [
                    0.09664867230504284,
                    0.0,
                    -0.9953185591265101,
                    -0.0
                ]
            ]
        },
        {
            "transform_matrix": [
                [
                    0.9934634840491884,
                    0.0,
                    0.11415036513672497,
                    -0.0
                ],
                [
                    0.0,
                    -1.0,
                    0.0,
                    -0.0
                ],
                [
                    0.11415036513672497,
                    0.0,
                    -0.9934634840491884,
                    -0.0
                ]
            ]
        },
        {
            "transform_matrix": [
                [
                    0.9913006831057966,
                    0.0,
                    0.13161669982939353,
                    -0.0
                ],
                [
                    0.0,
                    -1.0,
                    0.0,
                    -0.0
                ],
                [
                    0.13161669982939353,
                    0.0,
                    -0.9913006831057966,
                    -0.0
                ]
            ]
        },
        {
            "transform_matrix": [
                [
                    0.9888308262251284,
                    0.0,
                    0.1490422661761744,
                    -0.0
                ],
                [
                    0.0,
                    -1.0,
                    0.0,
                    -0.0
                ],
                [
                    0.1490422661761744,
                    0.0,
                    -0.9888308262251284,
                    -0.0
                ]
            ]
        },
        {
            "transform_matrix": [
                [
                    0.9860546784467247,
                    0.0,
                    0.16642166659821164,
                    -0.0
                ],
                [
                    0.0,
                    -1.0,
                    0.0,
                    -0.0
                ],
                [
                    0.16642166659821164,
                    0.0,
                    -0.9860546784467247,
                    -0.0
                ]
            ]
        },
        {
            "transform_matrix": [
                [
                    0.9829730996839018,
                    0.0,
                    0.18374951781657026,
                    -0.0
                ],
                [
                    0.0,
                    -1.0,
                    0.0,
                    -0.0
                ],
                [
                    0.18374951781657026,
                    0.0,
                    -0.9829730996839018,
                    -0.0
                ]
            ]
        },
        {
            "transform_matrix": [
                [
                    0.9795870444573935,
                    0.0,
                    0.2010204525197092,
                    -0.0
                ],
                [
                    0.0,
                    -1.0,
                    0.0,
                    -0.0
                ],
                [
                    0.2010204525197092,
                    0.0,
                    -0.9795870444573935,
                    -0.0
                ]
            ]
        },
        {
            "transform_matrix": [
                [
                    0.9758975615996873,
                    0.0,
                    0.21822912102600966,
                    -0.0
                ],
                [
                    0.0,
                    -1.0,
                    0.0,
                    -0.0
                ],
                [
                    0.21822912102600966,
                    0.0,
                    -0.9758975615996873,
                    -0.0
                ]
            ]
        },
        {
            "transform_matrix": [
                [
                    0.9719057939301479,
                    0.0,
                    0.23537019294084233,
                    -0.0
                ],
                [
                    0.0,
                    -1.0,
